Version 0.9.7
5
 4 10 175 77 128 0 1
 5 80 400 206 81 2 2
 0 110 110 877 276 8 3
 1 213 405 206 81 140 4
 3 360 42 203 58 150 5
 0
11
 255 5 71 189 71 189 71 124 71 124 163 124 163 124 0 1 0 3
 65793 5 71 249 71 249 93 249 93 137 163 137 163 137 0 1 0 3
 65793 5 189 137 189 137 189 137 189 371 189 371 189 371 0 3 0 3
 255 5 176 124 176 124 176 124 176 358 176 358 176 358 0 3 0 3
 255 5 228 358 228 358 228 358 228 416 228 416 228 416 0 3 0 4
 0 5 228 474 228 474 215 474 215 474 215 371 215 371 0 4 0 3
 0 5 371 137 371 137 371 137 371 79 371 79 371 79 0 3 0 5
 0 5 371 371 371 371 371 371 371 280 371 280 371 280 0 3 0 3
 255 5 293 124 293 124 293 124 293 215 293 215 293 215 0 3 0 3
 65280 5 269 416 269 416 269 280 269 280 293 280 293 280 0 4 0 3
 65280 5 306 280 306 280 306 291 406 291 406 86 406 86 0 3 0 5
1
 7004 1 14 287 228 5 0 0 13248 3
